0
0
0
0
0
1
0
0
1
0
0
1
1
1
0
2
0
1
0
1
2
0
2
0
1
2
0
1
1
3
1
3
1
2
3
1
2
1
3
1
2
2
2
3
3
2
4
2
3
2
4
5
3
4
2
4
2
2
3
5
3
5
4
6
3
4
3
5
6
7
3
4
4
3
5
5
4
5
8
4
5
6
5
4
7
8
5
6
4
6
4
3
5
7
5
6
7
8
6
9
10
11
5
6
7
7
9
6
6
6
4
7
8
7
7
10
8
8
9
10
6
12
7
8
9
7
8
6
4
7
9
8
10
11
9
13
14
7
11
9
10
11
8
8
9
5
10
11
9
10
9
12
11
12
8
9
15
16
10
12
9
10
8
9
5
10
11
12
11
10
11
13
11
17
10
13
12
13
10
11
12
6
13
14
12
11
14
13
14
11
18
12
14
12
13
12
13
6
14
13
14
15
14
15
13
19
12
15
14
15
12
13
14
13
14
15
7
8
9
16
15
15
16
17
15
16
17
18
13
14
15
20
14
16
17
18
19
20
21
22
23
15
16
15
16
17
18
19
20
21
22
23
24
25
26
27
28
29
30
31
32
33
34
35
36
37
38
39
40
7
8
9
41
17
18
19
20
21
22
23
24
25
26
27
28
16
17
18
19
20
21
22
23
24
25
26
27
28
29
30
31
32
33
34
35
36
24
25
26
27
28
29
15
21
22
23
24
25
26
27
28
29
30
31
32
33
16
19
20
21
22
23
24
25
26
27
28
29
30
31
32
33
34
35
36
37
38
39
16
18
19
16
16
17
18
19
20
21
22
23
24
25
26
27
28
29
17
18
19
20
21
22
23
24
25
26
27
28
29
30
31
32
33
34
35
36
10
11
12
13
14
15
16
17
18
19
20
21
22
23
37
30
31
32
33
34
35
36
37
17
20
21
22
23
24
25
26
27
28
29
30
31
32
33
34
35
36
37
17
40
17
34
35
36
37
38
16
30
31
32
33
34
35
37
29
30
31
32
33
34
35
42
10
11
12
13
14
15
16
17
18
19
20
21
22
23
24
25
26
27
28
29
43
36
37
38
39
40
41
42
43
38
39
36
37
38
39
17
39
18
41
18
38
39
18
38
38
24
25
39
39
19
40
41
19
20
42
19
40
18
40
40
44
44
30
31
32
33
34
45
45
41
41
19
41
20
43
44
45
21
42
20
40
40
26
27
28
29
30
31
32
33
34
41
41
21
43
22
46
21
42
20
42
43
42
46
46
35
47
47
43
44
21
43
22
47
48
23
24
44
22
42
42
35
36
37
43
43
23
45
25
26
49
23
44
22
45
44
48
49
48
36
49
50
51
45
46
47
23
24
45
24
50
27
46
24
25
26
44
44
38
45
45
27
47
28
51
52
25
46
25
48
46
52
50
37
51
53
47
49
26
47
26
53
29
48
28
46
46
39
47
47
29
49
30
54
27
48
27
50
48
54
52
38
53
55
49
51
28
49
28
55
31
50
30
48
48
40
49
49
31
51
32
56
29
50
29
30
31
52
50
51
56
54
39
55
57
52
53
32
51
30
57
33
52
32
50
50
41
51
51
33
53
34
58
31
52
33
54
53
58
56
40
57
59
54
55
34
53
32
59
35
54
34
52
53
52
42
53
54
35
55
36
60
33
54
35
56
55
60
61
62
58
41
59
63
56
57
36
37
38
55
34
61
37
56
36
55
54
43
44
45
46
55
56
37
57
38
62
63
35
56
39
58
57
64
60
42
61
65
58
59
40
57
36
64
39
58
38
57
56
47
57
58
58
39
59
40
65
37
58
41
60
59
66
62
43
44
63
67
68
60
61
62
63
42
59
38
66
41
60
40
59
59
48
60
60
41
61
42
67
68
39
40
60
61
62
63
64
65
43
64
61
69
64
65
66
45
46
67
70
62
65
44
66
41
69
43
62
42
61
61
49
62
62
43
63
44
70
42
67
45
66
63
71
68
47
69
72
64
67
46
68
43
71
45
64
44
63
63
50
64
64
45
65
46
72
44
69
47
68
65
73
74
70
48
71
75
66
69
48
70
45
73
47
66
46
65
65
51
66
66
47
67
48
74
46
71
49
70
67
76
72
49
73
77
68
71
72
73
50
72
47
75
49
68
48
67
67
52
68
68
49
69
50
76
48
73
74
75
51
52
53
74
69
78
74
50
75
79
70
75
54
76
49
77
51
70
50
69
69
53
70
70
51
71
52
78
50
77
55
76
71
80
76
51
77
81
72
77
56
78
51
79
53
72
73
74
75
52
71
71
54
72
72
53
76
54
80
52
79
57
78
73
82
78
52
79
83
74
79
58
80
53
81
55
77
54
73
73
55
74
74
55
78
56
82
54
81
59
80
75
84
80
53
81
85
76
81
60
82
55
83
57
79
56
75
75
56
76
76
57
80
58
84
56
83
61
82
77
86
82
54
83
87
78
83
62
84
57
85
59
81
58
77
77
57
78
78
59
82
60
86
58
85
63
84
79
88
84
55
85
89
80
85
64
86
59
87
61
83
60
79
79
58
80
80
61
84
62
88
60
87
65
86
81
90
86
56
87
91
82
87
66
88
61
89
63
85
62
81
81
59
82
82
63
86
64
90
62
89
67
88
83
92
88
57
89
93
94
95
84
89
68
90
63
91
65
87
64
83
83
60
84
84
65
88
66
92
64
91
69
90
85
96
90
58
59
91
92
93
97
86
91
70
92
65
93
67
89
66
85
85
61
86
86
67
90
68
94
66
93
71
92
87
98
94
60
95
99
88
93
72
94
67
95
69
91
68
87
87
62
88
88
69
92
70
96
68
95
73
94
89
100
96
61
97
101
90
95
74
96
69
97
71
93
70
89
89
63
90
90
71
94
72
98
70
97
75
96
91
102
98
62
99
103
92
97
76
98
71
99
73
95
72
91
91
64
92
92
73
96
74
100
72
99
77
98
93
104
100
63
101
105
94
99
78
100
73
101
75
97
74
93
93
65
94
94
75
98
76
102
74
101
79
100
95
106
102
64
103
107
96
101
80
102
75
103
77
99
76
95
95
66
96
96
77
100
78
104
76
103
81
102
97
108
104
65
105
109
98
103
82
104
77
105
79
101
78
97
97
67
98
98
79
102
80
106
78
105
83
104
99
110
106
66
107
111
100
105
84
106
107
79
107
81
103
80
81
99
99
100
68
101
100
82
104
82
108
80
108
85
106
101
112
108
67
109
113
102
107
86
109
81
109
83
105
83
101
102
69
103
102
84
106
84
110
82
110
87
108
103
114
110
68
111
115
104
109
88
111
83
111
85
107
85
103
104
70
105
104
86
108
86
112
84
112
89
90
91
110
105
116
112
69
113
117
106
111
92
113
85
113
87
109
87
105
106
71
107
106
88
110
88
114
86
114
93
112
107
118
114
70
115
119
108
113
94
115
116
87
115
89
111
89
107
108
72
109
108
90
112
90
116
88
117
95
114
109
120
116
71
117
121
110
115
96
118
89
117
91
113
91
109
110
73
111
110
92
114
92
118
90
91
92
93
94
95
96
119
97
116
111
122
118
72
119
123
112
117
98
120
97
119
93
115
93
111
112
74
113
112
94
116
94
120
98
121
99
118
113
124
120
73
121
125
114
119
100
122
123
124
99
121
122
123
124
125
95
117
95
113
114
75
115
114
96
118
96
126
100
125
101
120
115
126
122
74
123
127
116
121
102
126
101
127
97
119
97
115
116
76
117
116
98
120
98
128
102
127
103
122
117
128
124
75
125
129
118
123
104
128
103
129
99
121
99
117
118
77
119
118
100
122
100
130
104
129
105
124
119
130
126
76
127
131
132
120
125
106
130
105
131
101
123
101
119
120
78
121
120
102
124
102
132
106
131
107
126
121
133
128
77
129
134
122
127
108
132
107
133
103
125
103
121
122
79
80
81
82
83
84
123
122
104
126
104
134
108
133
109
128
123
135
130
78
131
136
124
129
110
134
109
135
105
127
105
123
124
85
125
124
106
128
106
136
110
135
111
112
113
114
115
116
130
125
137
132
79
133
138
126
131
117
136
111
137
107
129
107
125
126
86
127
126
108
130
108
138
112
137
138
139
140
141
142
143
118
132
127
139
134
80
135
140
128
133
119
144
113
139
109
131
109
127
128
87
129
128
110
132
110
140
114
145
120
134
129
141
136
81
137
142
130
135
121
146
115
141
111
133
111
129
130
88
131
130
112
134
112
142
116
147
122
136
131
143
138
82
139
144
132
137
123
148
117
143
113
135
113
131
132
89
133
132
114
136
114
144
118
149
124
138
133
145
140
83
141
146
134
139
125
150
119
145
115
137
115
133
134
90
135
134
116
138
116
146
120
151
126
140
135
147
142
84
143
148
136
141
127
152
121
147
117
139
117
135
136
91
137
136
118
140
118
148
122
153
128
142
137
149
144
85
145
150
138
143
129
154
123
149
119
141
119
137
138
92
139
138
120
142
120
150
124
155
130
144
139
151
146
86
147
152
140
145
131
156
125
151
121
143
121
139
140
93
141
140
122
144
122
152
126
157
132
146
141
153
148
87
149
154
142
147
133
158
127
153
123
145
123
141
142
94
143
142
124
146
124
154
128
159
134
148
143
155
150
88
151
156
144
149
135
160
129
155
125
147
125
143
144
95
145
144
126
148
126
156
130
161
136
150
145
157
152
89
153
158
146
151
152
153
154
155
156
137
162
131
157
127
149
127
145
146
96
147
146
128
150
128
158
132
163
138
157
147
159
154
90
155
160
148
158
139
164
133
159
129
151
129
147
148
97
149
148
130
152
130
160
134
165
140
159
149
161
156
91
157
162
150
160
141
166
135
161
131
153
131
149
150
98
151
150
132
154
132
162
136
167
142
161
151
163
158
92
159
164
152
162
143
168
137
163
133
155
133
151
152
99
153
154
155
156
157
152
134
156
134
164
138
169
144
163
153
165
160
93
161
166
154
164
145
170
139
165
135
157
135
153
158
100
159
154
136
158
136
166
140
171
146
165
155
167
162
94
163
168
156
166
147
172
141
167
137
159
137
155
160
101
161
156
138
160
138
168
142
173
148
167
157
169
164
95
165
170
158
168
149
174
143
169
139
161
139
157
162
102
163
158
140
162
140
170
144
175
150
169
159
171
166
96
167
172
160
170
151
176
145
171
141
163
141
159
164
103
165
160
142
164
142
172
146
177
152
171
161
173
168
97
169
174
162
172
153
178
147
173
143
165
143
161
166
104
167
162
144
166
144
174
148
179
154
173
163
175
170
98
171
176
164
174
155
180
149
175
145
167
145
163
168
105
169
164
146
168
146
147
148
149
176
150
181
156
175
165
177
172
99
173
178
166
176
157
182
151
177
150
169
147
165
170
106
171
166
148
170
151
178
152
183
158
177
167
179
174
100
175
180
168
178
159
184
185
186
187
188
153
179
152
171
149
167
172
107
173
168
150
172
153
180
154
189
160
179
169
181
176
101
177
182
170
180
161
190
155
181
154
173
151
169
174
108
175
170
152
174
155
182
156
191
162
181
171
183
178
102
179
184
172
182
163
192
157
183
156
175
153
171
176
109
177
172
154
176
157
184
158
193
164
183
173
185
180
181
103
182
186
174
184
165
194
159
185
158
177
155
173
178
110
179
174
156
178
159
186
160
195
166
185
175
187
183
104
184
188
176
186
167
196
161
187
160
179
157
175
180
111
181
182
183
176
158
180
161
188
162
197
168
187
177
189
185
105
186
190
178
188
169
198
163
189
162
181
159
177
184
112
185
178
160
182
163
190
164
199
200
170
189
179
191
187
106
188
192
180
190
171
201
165
191
164
183
161
179
186
113
187
180
162
184
165
192
166
202
172
191
181
193
189
107
190
194
182
192
173
203
167
193
166
185
163
181
188
114
189
182
164
186
167
194
168
204
174
193
183
195
191
108
192
196
184
194
175
205
169
195
168
187
165
183
190
115
191
184
166
188
169
196
170
206
176
195
185
197
193
109
194
198
186
196
177
207
171
197
170
189
167
185
192
116
193
186
168
190
171
198
172
208
178
197
187
199
195
110
196
200
188
198
179
209
173
199
172
191
169
187
194
117
195
188
170
192
173
200
174
210
180
199
189
201
197
111
198
202
190
200
181
211
175
201
174
193
171
189
196
118
197
190
172
194
175
202
176
212
182
201
191
203
199
112
200
204
192
202
183
213
177
203
176
195
173
191
198
119
199
192
174
196
177
204
178
214
184
203
193
205
201
113
202
206
194
204
185
215
179
205
178
197
175
193
200
120
201
202
194
176
198
199
179
206
180
216
186
205
195
207
203
114
204
208
196
206
187
217
181
207
180
200
177
195
203
121
204
196
178
179
180
181
182
201
181
182
208
182
218
188
207
197
209
205
115
206
210
198
208
189
219
183
209
183
202
183
197
205
122
206
198
184
203
184
210
184
220
190
209
199
211
207
116
117
118
119
208
212
200
210
191
221
185
211
185
204
185
199
207
123
208
200
186
205
186
212
186
222
192
211
201
213
209
120
210
214
202
212
193
223
187
213
187
206
187
201
209
124
210
202
188
207
188
214
188
224
194
213
203
204
205
206
215
211
121
212
216
207
214
195
225
189
215
189
208
189
203
211
125
212
204
190
209
190
216
190
226
196
215
208
217
213
122
214
215
216
217
218
219
209
216
197
227
191
217
191
210
191
205
213
126
214
206
192
211
192
218
192
228
198
217
210
220
218
123
219
221
211
218
199
229
193
219
193
212
193
207
215
127
216
208
194
213
194
220
194
230
200
219
212
222
220
124
221
223
213
220
201
231
195
221
195
214
195
209
217
128
218
210
196
215
196
222
196
232
202
221
214
224
222
125
223
225
215
222
203
233
197
223
197
216
197
211
219
129
220
212
198
217
198
224
198
234
204
223
216
226
224
126
225
227
217
224
205
235
199
225
199
218
199
213
221
130
222
214
200
219
200
226
200
236
206
225
218
228
226
127
227
229
219
226
207
237
201
227
201
220
201
215
223
131
224
216
202
221
202
228
202
238
208
227
220
230
228
128
229
231
221
228
209
239
203
229
203
222
203
217
225
132
226
218
204
223
204
230
204
240
210
229
222
232
230
129
231
233
223
230
211
241
205
231
205
224
205
219
227
133
228
220
206
225
206
232
206
242
212
231
224
234
232
130
233
235
225
232
213
243
207
233
207
226
207
221
229
134
230
222
208
227
208
234
208
244
214
233
226
236
234
131
235
237
227
234
215
245
209
235
209
228
209
223
231
232
135
233
224
210
229
210
236
210
246
216
235
228
238
236
132
237
239
229
236
217
247
211
237
211
230
211
225
234
136
235
226
212
231
212
238
212
248
218
237
230
240
238
133
239
241
231
238
219
249
213
239
213
232
213
227
236
137
237
228
214
233
214
240
214
250
220
239
232
242
240
134
241
243
233
240
221
251
215
241
215
234
215
229
238
138
239
230
216
235
216
242
216
252
222
241
234
244
242
135
243
245
235
242
223
253
217
243
217
236
217
231
240
139
241
232
218
237
218
244
218
254
224
243
236
246
244
136
245
247
237
244
225
255
219
245
219
238
219
233
242
140
243
234
220
239
220
246
220
256
226
245
238
248
246
137
247
249
239
246
227
257
221
247
221
240
221
235
244
141
245
236
222
241
222
248
222
258
228
247
240
250
248
138
249
251
241
248
229
259
223
249
223
242
223
237
246
142
247
238
224
243
224
250
224
260
230
249
242
252
250
139
251
253
243
250
231
261
225
251
225
244
225
239
248
143
249
240
226
245
226
252
226
262
232
251
244
254
252
140
253
255
245
252
233
263
227
253
227
246
227
241
250
144
251
242
228
247
228
254
228
264
234
253
246
256
254
141
255
257
258
247
254
235
265
229
255
229
248
229
243
252
145
253
244
230
249
230
256
230
266
236
255
248
259
256
142
257
260
249
256
237
267
231
257
231
250
231
232
245
254
146
147
255
246
233
251
232
258
232
268
238
257
250
261
258
143
259
262
251
258
239
269
233
259
233
252
234
247
256
148
149
150
151
152
153
154
155
156
257
258
259
260
248
235
253
234
260
234
270
240
259
252
263
260
144
261
264
253
260
241
271
235
261
235
254
236
249
261
157
262
250
237
255
236
262
236
272
242
261
254
255
256
257
258
265
266
267
262
145
263
268
259
262
243
273
237
263
237
256
238
251
263
158
264
252
239
257
238
264
238
274
244
263
260
269
264
146
265
270
261
264
245
275
239
265
239
258
240
253
265
159
266
254
241
259
240
266
240
276
246
265
262
271
266
147
267
272
263
266
247
277
241
267
241
260
242
255
267
160
268
256
243
261
242
268
242
278
248
267
264
273
268
148
269
274
265
268
249
279
243
269
243
262
244
257
269
161
270
258
245
263
244
270
244
280
250
269
266
275
270
149
271
276
267
270
251
281
245
271
245
264
246
259
271
162
272
260
247
265
246
272
246
282
252
271
268
277
272
150
273
278
269
272
253
283
247
273
247
266
248
261
273
163
274
262
249
267
248
274
248
284
254
273
270
279
274
151
275
280
271
274
255
285
249
275
249
268
250
263
275
164
276
264
251
269
250
276
250
286
256
275
272
281
276
152
277
282
273
274
275
276
257
287
251
277
251
270
252
265
277
165
278
266
253
271
252
278
252
288
258
277
276
283
278
153
279
284
277
278
259
289
253
279
253
272
254
267
279
166
280
268
255
273
254
280
254
290
260
279
278
285
280
154
281
286
279
280
261
291
255
281
255
274
256
269
281
167
282
270
257
275
256
282
256
292
262
281
280
287
282
155
283
288
281
282
263
293
257
283
257
276
258
271
283
168
284
272
259
277
258
284
258
294
264
283
282
289
284
156
285
290
283
284
265
295
259
285
259
278
260
273
285
169
286
274
261
279
260
286
260
296
266
285
284
291
286
157
287
292
285
286
267
297
261
287
261
280
262
275
287
170
288
276
263
281
262
288
262
298
268
287
286
293
288
158
289
294
287
288
269
299
263
289
263
282
264
277
289
171
290
278
265
283
264
290
264
300
270
289
288
295
290
159
291
296
289
290
271
301
265
291
265
284
266
279
291
172
292
280
267
285
266
292
266
302
272
291
290
297
292
160
293
298
291
292
273
303
267
293
267
286
268
281
293
173
294
282
269
270
287
268
294
268
304
274
293
292
299
294
161
295
300
293
294
275
305
269
295
269
288
271
283
295
174
296
284
272
289
270
296
270
306
276
295
294
301
296
162
297
302
295
296
277
307
271
297
271
290
273
285
297
175
298
286
274
291
272
298
272
308
278
297
296
303
298
163
299
304
297
298
279
309
273
299
273
292
275
287
299
176
300
288
276
293
274
300
274
310
280
299
298
305
300
164
301
306
299
300
281
311
275
301
275
294
277
289
301
177
302
290
278
295
276
302
276
312
282
301
300
307
302
165
303
308
301
302
283
313
277
303
277
296
279
291
303
178
304
292
280
297
278
304
278
279
280
314
284
303
302
309
304
166
305
310
303
304
285
315
281
305
279
298
281
293
305
179
306
294
282
299
280
306
307
282
316
286
305
304
311
306
307
308
167
309
312
305
306
287
317
283
308
281
300
283
295
307
180
308
296
297
284
301
282
309
284
318
288
307
306
313
310
168
311
314
307
308
289
319
285
310
283
302
285
298
309
181
310
299
286
303
284
311
286
320
290
309
308
315
312
169
313
316
309
310
291
321
287
312
285
304
287
300
311
182
312
301
288
305
286
313
288
322
292
311
310
317
314
170
315
318
311
312
293
323
289
314
287
306
289
302
313
183
314
303
290
307
288
315
290
324
294
313
312
319
316
171
317
320
313
314
314
295
325
291
316
289
308
291
304
315
184
316
305
292
309
290
317
292
326
296
315
315
321
318
172
319
322
316
316
297
327
293
318
291
310
293
306
317
185
318
307
294
311
292
319
294
328
298
317
317
323
320
173
321
324
318
318
299
329
295
320
293
312
295
308
319
186
320
309
296
313
294
321
296
330
300
319
319
325
322
174
323
326
320
320
301
331
297
322
295
314
297
310
321
187
322
311
298
315
296
323
298
332
302
321
321
327
324
175
325
328
322
322
303
333
299
324
297
316
299
312
323
188
324
313
300
317
298
325
300
334
304
323
323
329
326
176
327
330
324
324
305
335
301
326
299
318
301
314
325
189
326
315
302
319
300
327
302
336
306
325
325
331
328
177
329
332
326
326
307
337
303
328
301
320
303
316
327
190
328
317
304
321
302
329
304
338
308
327
327
333
330
178
331
334
328
328
309
339
305
330
303
322
305
318
329
191
192
330
319
306
323
304
331
306
340
310
329
329
335
332
179
333
336
330
330
311
341
307
332
305
324
307
320
331
193
332
321
308
325
306
333
308
342
312
331
331
337
334
180
335
338
332
332
313
343
309
334
307
326
309
322
333
194
334
323
310
327
308
335
310
344
314
333
333
339
336
181
337
340
334
334
315
345
311
336
309
328
311
324
335
195
336
325
312
329
310
337
312
346
316
335
335
341
338
182
339
342
336
336
317
347
313
338
311
330
313
326
337
196
338
327
314
331
312
339
314
348
318
337
337
343
340
183
341
344
338
338
319
349
315
340
313
332
315
328
339
197
340
329
316
333
314
341
316
350
320
339
339
345
342
184
343
346
340
340
321
351
317
342
315
334
317
330
341
198
342
331
318
335
316
343
318
352
322
341
341
347
344
185
345
348
342
342
323
353
319
344
317
336
319
332
343
199
344
333
320
337
318
345
320
354
324
325
326
327
343
343
349
346
186
347
350
344
344
328
355
321
346
319
338
321
334
345
200
346
335
322
339
320
347
322
356
329
345
345
351
348
187
349
352
346
346
330
357
323
348
321
340
323
336
347
201
348
337
324
341
322
349
324
358
331
347
347
353
350
188
351
354
348
348
332
359
325
350
323
342
325
338
349
202
350
339
326
343
324
351
326
360
333
349
349
355
352
189
353
356
350
350
334
361
327
352
325
344
327
340
351
203
352
341
328
345
326
353
328
362
335
351
351
357
354
190
355
358
352
352
336
363
329
354
327
346
329
342
353
204
354
343
330
347
328
355
330
364
337
353
353
359
356
191
357
360
354
354
338
365
331
356
329
348
331
344
355
205
356
345
332
349
330
357
332
366
339
355
355
361
358
192
359
362
356
356
340
367
333
358
359
360
361
362
363
364
331
350
333
346
357
206
358
347
334
351
332
365
334
368
341
357
357
363
360
193
361
364
358
358
342
369
335
366
333
352
335
348
359
207
360
349
336
353
334
367
336
370
343
359
359
365
362
194
363
366
360
360
344
371
337
368
335
354
337
350
361
208
362
351
338
355
336
369
338
372
345
361
361
367
364
195
365
368
362
362
346
373
339
370
337
356
339
352
363
209
364
353
340
357
338
371
340
374
347
363
363
369
366
196
367
370
364
364
348
375
341
372
339
358
341
342
343
344
354
365
210
366
355
345
359
340
373
342
376
349
365
365
366
367
371
368
197
369
372
368
366
350
377
343
374
341
360
346
356
367
211
368
357
347
361
342
375
344
378
351
367
369
373
370
198
371
374
370
368
352
379
345
376
343
362
348
358
369
212
370
359
349
363
344
377
346
380
353
369
371
375
372
199
373
376
372
370
354
381
347
378
345
364
350
360
371
213
372
361
351
365
346
379
348
382
355
371
373
377
374
200
375
378
374
372
356
383
349
380
347
366
352
362
373
214
374
363
353
367
348
381
350
384
357
373
375
379
376
201
377
380
376
374
358
385
351
382
349
368
354
364
375
215
376
365
355
369
350
383
352
386
359
375
377
381
378
202
379
382
378
376
360
387
353
384
351
370
356
366
377
216
217
378
367
368
357
371
352
385
354
388
361
377
379
383
380
203
381
384
380
378
362
389
355
386
353
372
358
369
379
218
380
370
359
373
354
387
356
390
363
379
381
385
382
204
383
386
382
380
364
391
357
388
355
374
360
371
381
219
382
372
361
375
356
389
358
392
365
381
383
387
384
205
385
388
384
382
366
393
359
390
357
376
362
373
383
220
384
374
363
377
358
391
360
394
367
383
385
389
386
206
387
390
386
384
368
395
361
392
393
359
378
364
365
366
375
385
221
386
376
367
379
360
394
362
396
369
385
387
391
388
207
389
392
388
386
370
371
372
397
363
395
361
380
368
377
387
222
388
378
369
381
362
396
364
398
373
387
389
393
390
208
391
394
390
388
374
399
365
397
363
382
370
379
389
223
390
380
371
383
364
398
366
400
375
389
391
395
392
209
393
396
392
390
376
401
367
399
365
384
372
373
381
391
224
392
382
374
385
366
400
368
402
377
391
393
397
394
210
395
398
394
392
378
403
369
401
367
386
375
383
393
225
394
384
376
387
368
402
370
404
379
393
395
399
396
211
397
400
396
394
380
405
371
403
369
388
377
385
395
226
396
386
378
389
370
404
372
406
381
395
397
401
398
212
399
402
398
396
382
407
373
374
405
371
390
379
387
397
227
398
388
380
391
372
406
375
408
383
397
399
403
400
213
401
404
400
398
384
409
376
407
408
373
392
381
389
399
228
400
390
382
393
374
409
377
410
385
399
401
405
402
214
403
406
402
400
401
386
411
412
378
410
375
394
383
391
401
229
402
392
384
395
376
411
412
379
413
387
402
403
407
404
215
405
408
404
403
404
388
389
414
380
413
377
378
396
385
393
403
230
404
394
386
397
398
379
414
381
415
390
405
405
409
406
216
217
407
410
406
406
391
416
382
415
416
380
399
387
395
405
231
406
396
388
400
401
381
417
383
417
392
407
407
411
408
218
409
412
408
408
393
418
384
418
382
402
389
397
407
232
408
398
390
403
383
419
385
419
394
409
409
413
410
219
411
414
410
410
395
420
386
420
384
404
391
399
409
233
410
400
392
405
385
421
387
421
396
411
411
415
412
220
413
416
412
412
397
422
388
422
386
406
393
401
411
234
412
402
394
407
387
423
389
423
398
413
413
417
414
221
415
418
414
414
399
424
390
424
388
408
395
403
413
235
414
404
396
409
389
425
391
425
400
415
415
419
416
222
417
420
416
416
401
426
392
426
390
410
397
405
415
236
416
417
418
419
420
421
422
406
398
411
391
427
393
427
402
417
417
421
418
223
419
422
418
418
403
428
394
428
392
412
399
407
423
237
424
408
400
413
393
429
395
429
404
419
419
423
420
224
421
424
420
420
405
430
396
397
398
430
394
414
401
409
425
238
426
410
402
415
416
417
418
419
395
431
399
431
406
421
421
425
422
225
423
426
422
422
407
432
400
432
396
420
403
411
427
239
240
428
412
404
421
422
423
397
433
401
433
408
423
423
427
424
226
425
428
424
424
409
434
402
434
398
424
405
413
429
241
430
414
406
425
399
435
403
435
410
425
425
429
426
227
427
430
426
426
411
436
404
436
400
426
407
415
431
242
432
416
408
427
401
437
405
406
407
408
409
410
411
412
413
437
412
427
427
431
428
228
429
432
428
428
429
430
413
414
415
416
438
414
438
402
428
409
417
433
243
434
418
410
429
403
439
440
441
415
439
417
431
429
433
430
229
431
434
430
432
418
440
416
442
404
430
411
419
435
244
436
420
412
431
405
443
417
441
419
433
431
435
432
230
433
436
432
434
420
442
418
444
406
432
413
421
437
245
438
422
414
433
407
445
419
443
421
435
433
437
434
231
435
438
434
436
422
444
420
446
408
434
415
423
439
246
440
424
416
435
409
447
421
445
423
437
435
439
436
232
437
440
436
438
424
446
422
448
410
436
417
425
441
247
442
426
418
437
411
412
413
449
423
447
425
439
437
441
438
233
439
442
438
440
426
448
424
450
414
438
419
427
443
248
444
428
420
439
415
451
425
449
427
441
439
443
440
234
441
444
440
442
428
450
426
452
416
440
421
429
445
249
446
430
422
441
417
418
419
420
453
427
451
429
443
441
445
442
235
236
237
238
239
240
443
444
445
446
447
446
442
443
444
430
431
452
428
454
421
442
423
431
447
250
251
448
449
432
433
434
435
424
443
444
422
423
424
455
456
457
429
453
432
445
444
447
448
241
449
448
445
446
433
454
430
458
425
445
425
436
450
252
451
437
426
446
426
459
431
455
434
447
446
449
450
242
451
450
447
448
435
456
432
460
427
447
427
438
452
253
453
439
428
448
428
461
433
457
436
449
448
451
452
243
453
452
449
450
437
458
434
462
429
430
449
450
429
440
454
254
455
441
430
451
431
463
435
459
438
451
450
453
454
244
455
454
451
452
439
460
436
464
432
452
431
442
456
255
457
443
432
453
433
465
437
461
440
453
452
455
456
245
457
456
453
454
441
462
438
466
434
454
433
444
458
256
459
445
434
455
435
467
439
463
442
455
454
457
458
246
459
458
455
456
443
464
440
468
436
456
435
446
460
461
257
462
447
436
457
437
469
441
465
444
457
456
459
460
247
461
460
457
458
445
466
442
470
438
458
437
448
449
463
258
464
450
438
459
439
471
443
467
446
459
458
461
462
248
463
462
459
460
447
468
444
445
472
440
460
439
451
465
259
466
452
440
461
441
473
446
469
448
461
460
463
464
465
466
249
467
464
461
462
449
470
447
474
442
462
441
453
467
260
468
454
442
463
443
475
448
471
450
463
462
465
468
250
469
466
463
464
451
472
449
476
444
464
443
455
469
261
470
456
444
465
445
477
450
473
452
465
464
467
470
251
471
468
465
466
453
474
475
476
451
478
446
466
445
457
471
262
472
458
446
467
447
479
452
477
454
467
466
469
472
252
473
470
467
468
455
478
453
480
448
468
447
459
473
263
474
460
448
469
449
481
454
479
456
469
468
471
472
474
253
475
476
477
478
479
480
473
469
470
457
480
455
482
450
470
449
461
475
264
476
462
450
471
451
483
456
481
458
471
470
474
481
254
482
475
471
472
459
482
457
484
452
472
451
463
477
265
478
464
452
473
453
485
458
483
460
473
472
476
483
255
484
477
473
474
461
484
459
486
454
474
453
465
479
266
480
466
454
475
455
487
460
485
462
475
474
478
485
256
486
479
475
476
463
486
461
488
456
476
455
467
481
267
482
468
456
477
457
489
462
487
464
477
476
480
487
257
488
481
477
478
465
488
463
490
458
478
457
469
483
268
484
470
458
479
459
491
464
489
466
467
479
478
482
489
258
490
483
479
480
468
490
465
492
460
480
459
471
485
269
486
472
460
481
461
493
466
491
469
481
482
483
484
485
486
487
480
484
491
259
492
485
481
488
470
492
467
494
462
482
461
473
487
270
488
474
462
483
463
495
468
493
471
489
482
486
493
260
494
487
483
490
472
494
469
496
464
484
463
475
489
271
490
476
464
485
465
497
470
495
473
491
484
488
495
261
496
489
485
492
474
496
471
498
466
486
465
466
467
468
469
477
491
272
492
478
479
470
487
467
499
472
497
475
493
486
490
497
262
498
491
487
494
476
498
473
500
468
488
471
480
493
273
494
481
472
489
469
501
474
475
499
477
495
488
492
499
263
500
493
489
496
478
500
476
477
502
470
490
473
482
495
274
496
483
474
491
471
503
478
501
479
497
490
494
501
502
264
503
504
505
495
491
498
480
502
479
504
472
492
475
484
497
275
498
485
476
493
473
505
480
503
481
499
492
496
506
265
507
508
509
510
511
497
493
500
482
504
481
506
474
494
477
486
499
276
500
487
478
495
475
507
482
505
483
501
494
498
512
266
513
499
495
502
484
506
483
508
476
496
479
488
501
277
502
503
504
505
489
480
497
498
499
500
501
502
503
477
509
484
507
485
503
496
500
514
267
515
501
497
504
486
508
485
510
478
504
481
490
506
278
507
491
482
505
479
511
486
509
487
505
498
502
516
268
517
503
499
506
488
510
487
512
480
506
483
492
508
279
509
493
484
507
481
513
488
511
489
507
500
504
518
269
519
505
501
508
490
512
489
514
482
508
485
494
510
280
511
495
486
509
483
515
490
513
514
515
516
517
518
519
491
509
502
506
520
270
521
507
503
510
492
520
491
516
484
510
487
496
512
281
513
497
488
511
485
517
492
521
493
511
504
508
522
271
272
273
523
509
505
512
494
522
493
518
486
512
489
498
514
282
515
499
490
513
487
519
494
523
495
513
506
510
524
274
525
511
507
514
496
524
495
520
488
514
491
500
516
283
517
501
492
515
489
490
521
496
525
497
515
508
512
526
275
527
513
509
516
498
526
497
498
499
500
501
502
522
523
491
516
493
502
518
284
519
503
494
517
492
524
503
527
499
517
510
514
528
276
529
515
511
518
500
528
504
525
493
518
495
504
520
285
521
505
496
519
494
526
505
529
501
519
512
516
530
277
531
517
513
520
502
530
506
527
495
520
497
506
522
286
523
507
508
509
510
498
521
522
523
496
528
507
531
503
521
514
518
532
278
533
534
519
515
522
504
532
508
529
497
524
499
511
524
287
525
512
500
525
498
530
509
533
505
523
516
520
535
279
536
521
517
524
506
534
510
531
499
526
501
513
526
288
527
514
502
527
500
532
511
512
513
514
515
516
517
518
519
520
521
535
536
537
538
507
525
518
519
520
522
537
538
539
540
280
541
523
521
526
508
539
522
533
534
501
528
503
515
528
289
529
516
504
529
502
503
535
523
540
509
527
522
524
542
281
543
525
523
528
510
541
524
536
504
530
505
517
530
290
531
518
506
531
505
537
525
542
511
529
524
526
527
544
282
545
528
525
526
527
528
529
530
530
512
543
526
538
506
532
507
519
532
291
533
520
508
533
507
539
527
544
513
531
531
529
546
283
284
547
548
530
532
532
514
545
528
540
508
534
509
521
534
535
292
536
522
510
535
509
541
529
546
515
533
533
531
549
285
550
532
534
534
535
536
516
517
547
530
542
510
536
511
523
537
293
538
524
512
537
511
543
531
532
533
534
535
536
537
548
518
537
535
533
551
286
552
534
536
538
519
549
538
544
512
538
539
513
514
525
539
294
540
526
515
540
513
545
546
547
548
549
550
539
550
520
539
540
541
542
543
544
545
546
537
535
553
287
554
536
537
538
538
547
521
551
540
541
551
514
541
516
527
541
295
542
528
517
542
515
552
553
554
555
556
542
552
522
548
539
539
555
288
556
540
540
549
523
553
543
557
516
543
544
518
529
543
296
544
530
519
545
517
558
544
554
555
524
550
551
552
553
554
555
556
541
541
557
558
559
560
289
561
542
542
543
557
525
556
545
559
518
546
520
531
545
297
546
532
521
547
519
560
546
557
526
558
544
543
562
290
563
544
545
559
527
558
547
561
520
548
522
533
547
298
548
534
523
549
521
562
548
559
528
560
546
545
564
291
565
546
547
561
562
563
564
565
566
567
529
560
549
563
522
550
524
535
549
299
550
536
525
551
523
564
565
566
567
568
550
561
530
568
548
547
566
292
567
548
549
569
531
562
551
569
524
552
526
537
551
300
552
538
527
553
525
570
552
563
532
570
550
549
568
293
569
550
551
571
533
564
553
571
526
554
528
539
553
301
554
540
529
555
527
572
554
565
534
572
552
551
570
294
571
552
553
573
535
566
555
573
528
556
530
541
555
302
556
542
531
557
529
574
556
567
536
574
554
553
572
295
296
297
573
554
555
575
537
568
557
575
530
558
532
543
557
303
558
544
533
559
531
532
533
534
576
558
569
538
576
556
557
558
559
555
574
298
575
556
560
577
539
570
559
577
535
560
534
545
559
304
560
546
535
561
536
578
560
571
540
578
561
562
563
564
565
557
576
299
577
558
566
579
580
541
572
561
579
537
562
536
547
561
305
562
548
537
563
564
565
566
538
580
562
573
542
581
567
559
578
300
579
560
568
582
543
544
574
563
581
539
567
538
549
563
306
564
550
539
568
540
582
564
575
545
583
569
561
580
301
581
562
570
584
546
576
565
583
541
569
540
551
565
307
566
552
541
570
542
584
566
577
547
585
571
563
582
302
583
564
572
586
548
578
567
585
586
543
571
542
553
567
308
568
554
543
572
544
587
568
579
580
549
587
573
565
566
567
584
303
585
568
574
588
550
581
569
588
545
573
544
555
569
309
570
556
545
574
546
589
570
582
551
589
575
569
586
304
587
570
576
590
552
583
571
590
547
575
546
557
571
310
572
558
547
548
576
548
591
572
584
553
591
577
571
588
589
305
590
572
578
592
554
585
573
592
549
577
549
559
573
311
574
560
550
578
550
593
574
586
555
593
579
573
591
306
592
574
580
594
556
587
575
594
551
579
551
561
575
312
576
562
552
580
552
595
576
588
557
595
581
575
593
307
594
576
582
596
558
589
577
596
553
581
553
563
577
313
578
564
554
582
554
597
578
590
559
597
583
577
595
308
596
578
584
598
560
591
579
598
555
583
555
556
557
558
559
565
566
567
568
579
580
581
314
582
569
560
584
556
599
580
592
561
562
563
564
599
585
579
597
598
599
600
601
602
603
604
605
606
607
608
609
610
611
309
612
580
586
600
565
593
581
600
557
585
561
570
583
315
584
571
562
586
558
601
582
594
566
601
587
581
613
310
614
582
588
602
567
595
583
602
559
587
563
572
585
316
586
573
564
588
560
603
584
596
568
603
589
583
584
585
586
615
311
616
587
590
604
569
597
598
599
585
586
587
588
589
604
561
562
563
564
565
566
589
565
574
587
317
588
575
566
590
567
605
590
600
570
605
591
588
617
312
618
589
592
606
571
601
591
606
568
591
567
568
576
589
318
590
577
569
592
569
607
592
602
572
607
593
590
619
313
620
591
594
608
573
603
593
608
570
593
570
578
591
319
592
579
571
594
595
571
609
594
604
574
609
595
592
621
314
622
593
596
610
575
605
595
610
572
596
572
580
593
594
320
595
581
573
597
573
611
596
606
576
611
597
594
623
315
624
595
598
612
577
607
597
612
574
598
574
582
596
321
597
583
575
599
575
613
598
608
578
613
599
596
625
316
626
597
600
614
579
609
599
614
576
600
576
584
598
322
599
585
577
601
577
615
600
610
580
615
601
598
627
317
628
599
602
616
581
611
601
616
578
602
578
586
600
323
601
587
579
603
579
617
618
602
612
582
583
584
617
603
600
629
318
630
631
632
601
604
618
619
585
613
603
619
580
581
582
583
584
585
604
605
580
581
582
583
584
585
588
602
324
603
589
586
587
606
607
586
620
604
614
586
620
605
602
633
319
634
603
606
621
587
615
605
621
587
608
588
590
604
325
605
591
589
609
588
622
606
616
588
622
607
604
635
320
636
605
608
623
589
617
607
623
589
610
590
592
606
326
607
593
591
611
590
624
608
618
590
624
609
606
637
321
638
607
610
625
591
619
609
625
591
612
592
594
608
327
609
595
593
613
592
626
610
620
592
626
611
608
639
322
640
609
612
627
593
621
622
611
627
593
614
594
596
610
328
611
597
595
615
594
628
612
623
594
628
613
610
641
323
642
611
614
629
595
624
613
629
595
616
596
598
612
329
613
599
597
617
596
630
614
625
596
630
615
612
643
324
644
613
614
615
616
616
631
597
626
615
631
597
618
598
600
614
330
615
601
599
619
598
632
616
627
598
632
617
617
645
325
646
618
618
633
599
628
617
633
599
620
600
602
616
331
617
603
601
621
600
634
618
629
600
634
619
619
647
326
648
620
620
635
601
630
619
635
601
622
602
604
618
332
619
605
603
604
605
606
607
608
609
610
611
612
623
602
636
620
631
602
636
621
621
649
327
650
622
622
637
603
632
621
622
637
603
624
613
606
620
333
621
607
614
625
604
638
623
633
604
638
623
623
651
328
652
624
624
639
605
634
624
639
605
626
615
608
609
610
611
612
613
622
334
623
624
614
616
627
606
640
625
635
606
640
625
625
653
654
329
655
626
626
641
607
636
626
641
607
628
617
615
625
335
626
616
618
629
608
642
627
637
608
642
627
627
656
330
657
628
628
643
609
638
628
643
644
645
646
647
609
630
619
617
627
336
628
618
620
631
610
648
629
639
610
644
629
629
658
331
659
630
630
645
611
640
630
649
611
632
621
619
629
630
631
632
633
634
337
635
620
622
633
612
650
631
641
612
646
631
631
660
332
661
632
632
647
613
642
632
651
613
634
623
621
636
338
637
622
624
635
614
652
633
643
614
648
633
633
662
333
663
634
634
649
615
644
634
653
615
636
625
623
638
639
339
640
624
626
637
616
654
635
645
616
650
635
635
664
665
666
334
667
636
636
651
617
646
636
655
617
638
627
625
641
340
642
626
628
639
618
656
637
647
648
618
652
637
638
639
640
641
637
668
335
669
638
639
640
641
642
653
619
649
638
657
619
640
629
627
643
341
644
628
630
641
620
658
639
650
620
654
643
642
670
336
671
643
644
655
621
651
640
659
621
642
631
629
645
342
646
630
632
643
622
660
641
652
622
656
645
644
672
337
673
645
646
657
623
653
642
661
623
644
633
631
647
343
648
632
634
645
624
662
643
654
624
658
647
646
674
338
675
647
648
659
625
655
644
663
625
646
635
633
649
344
650
634
636
647
626
664
645
656
626
660
649
648
676
339
677
649
650
661
627
657
646
665
627
648
637
635
651
345
652
636
638
649
628
666
647
658
628
662
651
650
678
340
679
651
652
663
629
659
648
667
629
650
639
637
653
346
654
638
640
651
652
630
668
649
660
630
664
653
652
680
341
681
653
654
665
631
661
650
669
631
653
641
639
655
347
656
640
642
654
632
670
651
662
632
666
655
654
682
342
683
655
656
667
633
663
652
671
633
655
643
641
657
348
658
642
644
656
634
672
653
664
634
668
657
656
684
343
685
657
658
669
635
665
654
673
635
657
645
643
659
660
661
349
662
644
646
658
636
674
655
666
636
670
659
658
686
344
687
659
660
671
637
667
656
675
637
659
647
645
663
350
664
646
648
660
638
676
657
668
638
672
661
660
688
345
689
661
662
673
639
669
658
677
639
661
649
647
665
351
666
648
650
662
640
678
659
670
640
641
642
643
644
674
663
662
690
346
691
663
664
675
645
671
660
679
641
663
651
649
650
651
652
667
352
668
653
652
664
642
680
661
672
646
676
665
664
692
347
693
665
666
677
647
673
662
681
643
665
653
654
669
353
670
655
654
666
644
682
663
674
648
678
667
666
694
348
695
667
668
679
649
675
664
683
645
667
655
656
671
354
672
657
656
668
646
684
665
676
677
650
680
669
670
668
696
349
697
669
671
681
651
678
666
685
647
669
657
658
673
355
674
659
658
670
648
686
667
679
652
682
672
670
698
350
699
671
673
683
653
680
668
687
649
671
659
660
675
356
676
661
660
672
650
688
669
681
654
684
674
672
700
351
701
673
675
685
655
682
670
689
651
673
661
662
677
357
678
663
662
674
652
690
671
683
656
686
676
674
702
352
703
675
677
687
657
684
672
691
653
675
663
664
679
358
680
665
664
676
654
692
673
685
658
688
678
676
704
353
705
677
679
689
659
686
674
693
655
677
665
666
681
359
682
667
666
678
656
694
675
687
660
690
680
678
706
354
707
679
681
691
692
661
688
676
695
657
679
667
668
683
360
684
669
668
680
658
696
677
689
662
693
682
680
681
708
355
709
682
683
694
663
690
678
697
659
681
669
670
685
361
362
363
364
686
671
670
682
660
698
679
691
664
695
684
683
710
356
711
684
685
696
665
692
680
699
661
683
671
672
673
687
365
688
674
672
684
662
663
700
681
682
683
693
694
666
697
686
685
712
357
713
686
687
698
667
695
696
697
684
701
702
703
704
705
706
707
664
685
673
675
689
366
690
676
674
686
665
708
709
710
711
712
685
698
668
699
688
687
714
358
715
688
689
700
669
699
686
713
714
666
687
675
677
691
692
693
367
694
678
676
688
667
715
687
700
670
701
690
689
716
359
717
690
691
702
671
701
688
716
668
689
677
679
695
368
696
680
678
690
669
717
689
702
672
703
692
691
718
360
719
692
693
704
673
703
690
718
670
691
679
681
697
369
698
682
680
692
671
719
691
704
674
705
694
693
720
361
721
694
695
706
675
705
692
720
672
673
693
681
683
684
699
370
700
685
682
694
674
721
693
706
676
707
696
695
722
362
723
696
697
708
677
707
694
722
675
695
683
686
701
371
702
687
684
696
676
723
695
708
678
709
698
697
724
363
725
698
699
710
679
709
696
724
677
697
685
688
703
704
372
705
689
686
698
678
725
726
697
710
680
711
700
699
726
364
727
700
701
712
681
711
698
727
679
699
687
690
706
373
707
691
688
700
680
728
699
712
682
713
702
701
728
365
729
702
703
714
683
713
700
729
681
701
689
692
708
374
709
693
690
702
682
730
701
714
684
715
704
703
730
366
731
704
705
716
685
715
702
731
683
703
691
694
710
375
711
695
692
704
684
732
703
716
686
717
706
705
732
367
733
706
707
718
687
717
704
733
685
705
693
696
712
376
713
697
694
706
686
734
705
718
688
719
708
707
734
368
735
708
709
720
689
719
706
735
687
707
695
698
714
377
715
699
696
708
688
736
707
720
721
722
723
724
725
726
727
728
690
721
710
709
736
369
737
710
711
722
691
729
708
737
689
709
697
700
716
378
717
701
698
710
690
738
709
730
692
723
712
713
714
715
716
717
718
719
720
721
722
723
724
711
738
370
739
712
725
724
693
731
732
733
734
735
710
739
691
711
699
702
718
379
719
703
700
712
692
740
711
736
694
725
726
713
740
371
741
714
727
726
695
737
712
741
693
713
701
704
705
706
720
721
380
722
707
702
714
715
716
717
694
742
713
714
715
716
717
718
719
720
721
722
723
724
725
726
738
696
727
728
715
742
372
743
716
729
728
697
739
727
743
695
718
703
708
723
381
724
709
704
719
720
721
722
696
744
728
740
698
699
729
730
731
717
744
373
745
746
718
732
730
700
741
729
745
697
723
705
710
725
382
726
711
712
706
724
698
746
730
742
701
731
733
719
747
374
748
720
734
732
702
743
731
747
699
725
707
713
727
383
728
714
708
726
700
748
732
744
703
733
735
721
749
375
750
722
736
734
704
745
733
749
701
727
709
715
729
384
730
716
710
728
702
750
734
746
705
735
737
723
751
376
752
724
738
736
706
747
735
751
703
729
711
717
731
385
732
718
712
730
704
752
736
748
707
737
739
725
726
727
728
753
377
754
755
729
740
738
708
749
737
753
705
731
713
719
733
386
734
720
714
732
706
754
738
750
709
739
741
730
756
378
757
731
742
740
710
751
752
753
739
755
707
733
715
721
735
387
736
722
716
734
708
756
740
754
711
741
743
732
758
379
759
733
744
742
712
755
741
757
709
735
717
723
737
388
738
724
718
736
710
758
742
756
713
743
745
734
760
380
761
735
746
744
714
757
743
759
711
737
719
725
739
389
740
726
720
738
712
760
744
758
715
745
747
736
762
381
763
737
748
746
716
759
745
761
713
739
721
727
728
741
390
742
729
722
740
714
762
746
760
717
747
749
738
764
382
765
739
750
751
752
748
718
761
747
763
715
741
723
730
743
391
744
731
724
742
716
764
748
749
762
719
749
753
740
766
383
767
741
754
750
720
763
750
765
717
743
725
732
745
392
746
733
726
744
718
766
751
764
721
751
755
756
742
768
384
769
743
757
752
722
765
752
767
719
745
727
728
734
747
393
748
735
729
746
747
720
768
753
766
723
753
758
744
770
385
771
745
759
754
724
767
754
769
721
748
730
736
749
394
750
737
731
749
722
770
755
768
725
755
760
746
772
773
386
774
747
761
756
726
769
756
771
723
750
732
738
751
395
752
739
733
751
724
772
757
770
727
757
762
748
775
387
776
749
763
758
728
771
758
773
725
752
734
740
753
396
754
741
735
753
726
774
759
772
729
759
764
750
777
388
778
751
765
760
730
773
760
775
727
754
736
742
755
397
756
743
737
755
728
776
761
774
731
761
766
752
779
389
780
753
767
762
763
764
732
775
762
777
729
756
738
744
757
398
758
745
739
757
730
778
763
776
733
765
768
754
781
390
782
755
769
766
734
777
764
779
731
758
759
760
740
746
759
760
761
399
762
747
741
761
732
733
780
765
778
735
767
770
756
783
391
784
757
771
768
736
779
766
781
734
762
742
748
763
400
764
749
743
763
764
765
735
782
767
780
737
769
772
758
785
392
786
759
773
770
738
781
768
783
736
766
744
750
765
401
766
751
745
767
737
784
769
782
739
771
774
760
787
393
788
789
761
775
772
740
783
770
785
738
768
746
752
767
402
768
753
747
769
739
786
771
784
741
773
776
762
790
394
395
791
763
777
774
742
785
772
787
740
770
748
754
769
403
770
755
749
771
741
788
773
786
743
775
778
764
792
396
397
793
765
779
776
744
787
774
789
742
772
750
756
771
404
772
757
751
773
743
790
775
788
745
777
780
766
794
398
795
767
781
778
746
789
776
791
744
774
752
758
773
405
774
759
753
775
745
792
777
790
747
779
782
768
796
399
797
769
783
780
748
791
778
793
746
776
754
760
775
406
776
761
755
777
747
794
779
792
749
781
784
770
798
400
799
771
785
782
750
793
780
795
748
778
756
757
758
762
777
407
778
779
763
759
779
749
796
781
794
751
783
786
772
800
401
801
773
787
784
752
795
782
797
750
780
760
764
780
408
781
765
761
781
751
798
783
796
753
785
788
774
802
402
803
775
789
786
754
797
784
799
752
782
762
766
782
409
783
767
763
783
753
800
785
798
755
787
790
776
804
403
805
777
791
788
756
799
786
801
754
784
764
768
784
410
785
769
765
785
755
802
787
800
757
789
792
778
806
404
807
779
793
790
758
801
788
803
756
786
766
770
786
411
787
771
767
787
757
804
789
802
759
760
791
794
795
780
781
808
405
809
782
796
792
761
803
790
805
758
788
768
772
788
412
789
773
769
789
759
806
791
804
762
793
797
783
810
811
406
812
784
798
794
763
805
792
807
760
790
791
770
774
790
413
791
775
771
792
761
808
793
806
764
795
799
785
813
407
814
786
800
796
765
807
794
809
762
793
772
776
792
414
793
777
773
794
763
810
795
808
766
797
801
787
815
816
408
817
788
802
798
767
809
796
811
764
795
774
778
794
415
795
779
775
796
765
812
797
810
768
799
803
789
818
409
410
411
819
790
804
800
769
811
798
813
766
797
776
780
796
416
797
781
777
778
779
798
767
814
799
812
770
801
805
806
807
808
809
810
791
820
412
821
822
823
792
811
802
771
813
800
815
768
799
780
782
798
417
418
799
783
781
800
769
816
801
814
772
803
812
793
824
413
825
794
813
804
773
815
802
817
770
801
782
784
800
801
802
803
419
804
785
786
787
788
789
790
783
802
771
818
803
804
816
774
805
814
795
826
414
827
796
815
806
775
817
805
819
772
803
784
791
805
420
806
792
785
804
773
820
806
818
776
807
816
797
828
415
829
798
817
808
777
819
807
821
774
805
786
793
807
421
808
794
787
806
775
822
808
820
778
809
818
799
830
416
831
800
819
810
779
821
809
823
776
807
788
795
809
422
810
796
789
808
777
824
810
811
812
822
780
811
820
801
832
417
833
802
821
812
781
782
783
784
823
813
825
778
809
790
797
811
423
812
798
791
810
779
826
814
824
785
813
822
803
834
418
835
804
823
824
814
786
825
815
827
780
811
792
799
813
424
814
800
793
812
781
828
816
826
787
815
825
805
836
419
837
806
826
816
788
827
817
829
782
813
794
801
815
425
816
802
795
814
783
830
818
828
789
817
827
807
838
420
839
808
828
818
790
829
819
831
832
833
834
784
815
796
803
817
426
818
804
797
816
785
835
820
830
791
819
829
809
840
421
841
810
830
820
792
831
821
822
823
836
786
817
798
805
819
427
820
806
799
818
787
788
837
824
832
793
821
831
811
842
422
843
812
832
822
794
795
833
834
835
836
837
838
839
840
825
838
789
819
800
807
821
428
822
808
801
820
790
839
826
841
796
823
833
813
844
423
845
814
834
824
797
842
827
840
791
821
802
809
823
429
824
810
803
822
792
841
828
829
830
843
798
825
835
815
846
424
847
816
836
826
799
844
831
842
793
823
824
825
804
811
825
430
826
812
805
826
794
843
832
845
800
827
837
817
848
425
849
818
838
828
829
830
801
846
847
848
849
833
844
795
827
806
813
827
431
828
814
807
828
796
845
834
850
802
831
839
819
850
426
851
820
840
832
803
851
852
853
835
846
797
829
808
809
815
829
432
830
816
810
830
798
847
836
854
804
833
841
821
852
427
853
822
842
834
805
855
837
848
799
831
811
817
831
433
832
818
819
812
832
800
849
838
856
806
835
843
823
854
428
855
824
844
836
807
857
839
850
801
833
813
820
833
434
834
821
814
834
802
851
840
858
808
837
845
825
856
429
857
826
846
838
809
859
841
852
803
835
815
822
835
435
836
823
816
836
804
853
842
860
810
839
847
827
858
430
859
828
848
840
811
861
843
854
805
837
817
824
837
436
838
825
818
838
806
855
844
862
812
841
849
829
860
431
861
830
850
842
813
863
845
856
807
839
819
826
839
437
840
827
820
840
808
857
846
864
814
843
851
831
862
432
863
864
865
866
867
868
832
852
853
844
815
865
847
858
809
841
821
828
841
438
842
829
822
842
810
859
848
866
816
845
854
833
869
433
870
834
855
846
817
867
849
860
811
843
823
830
843
439
844
831
824
844
812
861
850
868
818
847
856
835
871
434
872
836
857
848
819
869
851
862
813
845
825
826
827
832
845
440
846
833
828
846
814
815
863
852
870
820
849
858
837
873
435
874
838
859
850
821
871
853
864
816
847
829
834
847
441
848
835
830
848
817
865
854
872
822
851
860
839
875
436
876
840
861
852
823
873
855
866
818
849
831
836
849
442
850
837
832
850
819
867
856
874
824
853
862
841
877
437
878
842
863
854
825
875
857
868
820
851
833
838
851
443
852
839
834
852
821
869
858
876
877
826
855
864
843
879
438
880
881
882
883
884
885
886
887
844
865
856
827
878
859
870
822
853
835
840
853
444
854
841
836
854
823
871
860
879
828
857
866
845
888
439
889
846
867
858
829
880
861
872
824
855
837
842
855
445
856
843
838
856
825
873
862
881
830
859
868
847
890
440
891
848
869
860
831
882
863
874
826
857
839
844
857
446
858
845
840
858
859
860
861
827
875
864
883
832
861
870
849
892
441
893
850
871
862
833
884
865
876
828
829
830
831
832
833
834
862
841
846
859
447
860
847
842
863
835
877
866
885
834
863
872
851
894
442
895
852
873
864
835
886
867
878
836
864
843
848
861
448
862
849
844
865
837
879
868
887
836
865
866
874
853
896
443
897
854
875
867
837
838
839
840
888
869
880
838
866
845
850
863
449
864
851
846
867
839
881
870
889
841
868
876
855
898
444
899
856
877
869
842
890
871
882
840
868
847
852
865
450
866
853
848
869
841
883
872
891
843
870
878
857
900
445
901
858
879
871
844
892
873
884
842
870
849
854
867
451
868
855
850
871
843
885
874
893
845
872
880
859
902
446
903
860
881
873
846
894
875
886
844
872
851
856
869
452
870
857
852
873
845
887
876
895
847
874
882
861
904
447
905
862
883
875
848
896
877
888
846
874
853
858
871
453
872
873
859
854
875
847
889
878
897
849
876
884
863
906
448
907
864
885
877
850
898
879
890
848
876
855
860
874
454
875
861
856
877
849
891
880
899
851
878
886
865
908
449
909
866
887
879
852
900
881
892
850
878
857
862
876
455
877
863
858
879
851
893
882
901
853
880
888
867
910
450
911
868
889
881
854
902
883
894
852
880
859
864
865
878
456
879
866
860
881
853
895
884
903
855
882
890
869
912
451
913
870
891
883
856
904
885
896
854
882
861
867
880
457
881
882
868
862
883
855
897
886
905
857
884
892
871
914
452
915
872
893
885
858
859
860
861
862
863
864
906
887
898
856
884
863
869
883
458
884
870
864
885
857
899
900
901
902
888
907
865
886
894
873
916
453
917
874
895
887
866
908
889
903
904
858
886
865
871
885
459
886
887
872
866
867
868
869
870
871
872
873
887
859
905
890
909
910
911
912
913
867
888
896
875
918
454
919
876
897
889
868
914
891
906
860
888
874
873
888
460
889
874
875
889
861
907
892
915
869
890
898
877
920
455
921
878
899
891
870
916
893
908
862
890
876
875
890
891
892
893
894
895
896
461
897
898
899
900
876
877
891
863
909
894
917
871
892
900
879
922
456
923
880
901
893
872
918
895
910
864
892
878
879
877
901
462
902
878
880
893
865
911
896
919
873
894
902
903
881
924
457
925
926
927
928
929
930
931
882
904
895
874
920
897
912
866
894
881
879
903
904
463
905
880
882
895
867
913
898
921
875
896
905
883
932
458
933
884
906
897
876
922
899
900
914
868
896
883
884
881
906
464
907
882
885
897
869
915
901
923
877
898
907
885
934
459
935
886
908
899
878
924
925
926
927
928
929
930
902
916
870
898
886
883
908
465
909
884
887
899
871
917
903
931
879
900
909
887
936
460
937
888
910
901
880
932
904
918
872
900
888
885
910
466
911
886
889
901
873
919
905
933
881
902
911
889
938
461
939
890
912
903
882
934
906
920
874
902
890
887
912
467
913
888
891
903
875
921
907
935
883
904
913
891
940
462
941
892
914
905
884
936
908
922
876
904
892
889
914
468
915
890
893
905
877
923
909
937
885
906
915
893
942
463
943
894
916
907
886
938
910
924
878
879
880
906
894
891
916
469
917
892
895
907
881
925
911
939
887
908
917
895
944
464
945
896
918
909
888
940
912
926
882
908
896
893
918
470
919
894
897
909
883
927
913
941
889
910
919
897
946
465
947
898
920
911
890
942
914
928
884
910
898
895
920
471
921
896
899
911
885
929
915
943
891
912
921
899
948
466
949
900
922
913
892
944
916
930
886
912
900
897
922
472
923
898
901
913
887
931
932
933
934
935
936
917
945
893
914
923
901
950
467
468
951
902
924
915
894
946
918
937
888
914
902
903
899
924
473
925
900
904
915
889
938
919
947
895
916
925
903
952
469
953
904
926
917
896
948
920
939
890
916
905
901
926
474
927
902
906
917
891
940
921
922
923
949
897
918
927
905
954
470
955
906
907
928
919
898
950
951
952
953
954
955
956
957
958
959
924
941
892
918
907
903
928
475
929
904
908
919
893
942
925
960
899
920
929
908
956
471
957
909
930
921
900
961
926
943
894
920
909
905
930
476
931
906
910
921
895
944
927
962
901
922
931
910
958
959
960
961
962
472
963
911
912
932
923
902
963
928
945
896
922
911
907
932
477
933
908
912
923
897
946
929
964
903
924
933
913
964
473
474
475
476
477
478
479
480
481
482
483
484
965
914
934
925
904
965
930
947
898
924
913
909
934
478
935
910
914
925
899
948
931
966
905
926
935
915
966
485
967
916
936
927
906
967
932
949
900
926
915
911
936
479
937
912
916
927
901
950
933
968
907
928
937
917
968
486
969
918
938
929
908
969
934
951
902
928
917
913
938
480
939
914
918
929
903
904
905
906
907
908
952
935
970
909
930
939
919
970
487
971
920
940
931
910
971
936
953
909
930
919
915
940
481
941
916
920
931
932
933
934
910
954
937
938
972
911
932
941
921
972
488
973
922
942
933
912
973
939
955
911
935
921
917
942
482
943
918
922
936
912
956
940
974
913
934
943
923
974
489
975
924
944
935
914
975
941
957
913
937
923
919
944
483
484
945
920
924
938
914
958
942
976
915
936
945
925
976
490
977
926
946
937
916
977
943
959
915
939
925
921
946
485
947
922
926
940
916
960
944
978
917
938
947
927
978
491
979
928
929
948
939
918
979
945
961
917
941
927
923
948
486
949
924
928
942
918
962
946
980
919
940
949
930
980
492
981
982
931
950
941
920
981
947
963
919
943
929
925
950
487
951
926
930
944
920
964
948
982
921
942
951
932
983
493
984
933
952
943
922
983
949
965
921
922
923
945
931
927
952
488
953
928
932
946
924
925
926
966
950
984
923
944
953
934
985
494
986
935
954
945
924
985
951
967
927
947
933
929
954
489
955
930
934
948
928
968
952
986
987
925
946
955
936
987
495
988
937
956
947
926
988
953
969
929
949
935
931
956
957
958
959
960
961
962
490
963
932
936
950
930
970
954
955
956
957
989
927
948
957
938
989
496
990
991
992
939
958
949
928
929
930
931
932
933
934
935
936
937
938
939
990
958
971
931
951
937
933
964
491
965
934
938
952
932
933
972
959
991
940
950
959
940
993
497
498
499
994
941
960
961
962
951
941
992
960
973
934
953
939
935
966
492
967
936
940
954
935
974
961
993
942
943
944
945
946
947
948
952
963
942
995
500
996
943
964
953
949
994
962
975
936
955
941
937
968
493
969
938
942
943
944
945
946
947
948
949
950
951
952
953
954
955
956
956
937
976
963
995
950
954
965
944
945
997
501
998
946
966
955
951
996
964
977
938
957
957
958
939
970
494
971
940
959
958
939
978
965
997
952
956
967
947
999
502
948
968
957
953
998
966
979
940
959
960
941
972
495
973
942
961
960
941
980
967
999
954
958
969
949
503
950
951
952
953
954
970
959
955
968
981
942
961
962
943
974
496
975
944
963
962
943
944
982
969
956
960
971
955
504
956
957
958
959
960
961
962
963
964
965
966
967
972
961
957
970
983
984
985
986
987
988
989
990
945
963
964
945
946
976
497
977
947
965
964
946
991
971
958
962
973
968
505
969
974
963
959
972
992
947
965
966
948
978
498
979
949
967
966
948
993
973
960
964
975
970
506
971
976
965
961
974
994
949
967
968
950
980
499
981
951
969
968
950
995
975
962
966
977
972
507
973
978
967
963
976
996
951
969
970
952
982
500
983
953
971
970
952
997
977
964
968
979
974
508
509
510
511
512
513
975
976
977
978
979
980
981
982
983
984
985
980
969
965
978
998
953
971
972
954
984
501
985
986
955
973
972
954
999
979
966
970
981
986
514
987
988
982
971
967
980
955
973
974
975
976
956
987
502
988
957
977
974
956
981
968
972
983
989
515
990
984
973
974
969
982
957
975
978
958
989
503
990
959
979
976
958
983
970
975
985
986
987
991
516
992
988
989
990
991
992
993
994
995
996
997
998
999
976
971
984
959
977
978
979
980
981
982
983
980
960
991
504
992
961
981
984
960
985
972
977
993
517
994
978
973
986
961
985
982
962
993
505
994
963
983
986
962
987
974
979
995
518
996
980
975
988
963
987
984
964
995
996
506
997
965
985
988
964
989
976
981
997
519
998
982
983
984
985
986
987
977
990
965
989
990
991
992
993
986
966
998
507
999
967
987
994
966
991
992
993
978
988
999
520
989
979
994
967
995
988
968
508
969
989
996
968
995
980
990
521
991
981
996
969
970
971
972
973
974
975
976
977
978
979
980
981
982
983
984
985
997
998
999
990
970
509
971
991
986
997
982
992
522
993
983
998
987
992
972
510
973
993
988
999
984
994
523
995
985
989
994
974
975
976
977
978
511
979
995
990
986
996
524
525
997
998
999
987
988
989
990
991
992
993
994
995
996
997
998
999
991
992
993
996
980
512
981
997
998
999
994
526
995
982
513
983
996
527
997
984
514
985
998
528
999
986
515
987
529
988
516
989
530
990
517
991
531
992
518
993
532
994
519
995
533
996
520
997
534
998
521
999
535
522
536
523
537
524
538
525
526
527
539
528
540
529
541
530
542
531
543
532
544
533
545
534
546
535
547
536
548
549
537
550
538
551
539
552
540
541
542
543
544
545
546
547
548
549
550
551
552
553
553
554
554
555
555
556
556
557
557
558
558
559
559
560
560
561
562
563
564
561
565
562
566
563
567
564
568
565
569
566
570
567
571
572
573
574
568
575
569
576
570
577
571
578
572
579
573
580
574
581
575
582
576
583
577
584
578
585
579
586
580
587
581
588
582
589
583
590
591
584
592
585
593
586
594
587
595
588
596
589
597
590
598
591
599
592
600
593
601
594
602
595
603
596
597
598
599
604
605
606
607
600
608
601
602
603
604
605
606
607
608
609
610
611
612
609
613
610
614
611
615
612
616
613
617
614
618
615
619
616
620
617
621
618
622
619
623
620
624
621
625
622
626
623
627
624
628
625
629
626
630
627
631
628
632
629
633
630
634
635
631
632
636
633
637
634
638
635
639
636
640
637
641
638
642
639
643
640
644
641
642
645
643
646
644
647
645
648
649
650
651
646
652
647
653
648
654
649
655
650
656
651
657
652
658
653
659
654
660
661
655
662
656
663
657
664
658
665
659
666
660
667
661
668
662
669
663
670
664
671
665
672
666
673
667
674
668
675
669
676
670
677
671
678
672
679
673
680
674
681
675
682
676
683
677
684
678
685
679
686
680
687
681
688
682
689
683
690
684
691
685
692
686
693
687
694
688
695
689
696
690
697
691
698
692
699
693
700
694
701
695
702
696
703
697
704
698
705
699
706
700
707
701
708
702
709
710
711
712
713
714
715
703
716
704
705
717
706
718
707
719
708
720
709
721
710
711
712
713
714
715
716
717
722
718
723
719
724
720
725
721
726
722
727
723
728
724
725
726
727
729
730
731
732
733
734
728
735
729
736
730
737
731
738
732
739
733
740
734
741
735
742
743
744
745
746
747
736
748
737
749
738
750
739
751
740
752
741
753
742
754
743
755
744
756
745
757
746
758
747
759
748
760
749
761
750
762
751
763
752
764
753
765
754
766
755
767
756
768
757
769
758
770
759
771
772
773
774
775
776
777
778
779
780
760
781
761
782
762
783
763
784
764
785
765
786
766
787
767
788
768
789
769
790
770
791
771
792
772
793
773
794
774
795
775
796
776
797
777
798
778
799
779
800
780
801
781
802
782
803
783
804
784
805
785
806
786
787
788
807
789
808
790
809
791
810
792
811
793
812
794
813
795
814
796
815
797
816
798
817
818
799
819
800
820
801
821
802
822
803
823
804
824
805
825
806
826
807
827
808
828
809
829
810
830
811
831
812
832
813
833
814
834
815
835
816
836
817
837
818
838
819
839
820
840
821
841
822
842
823
843
824
844
825
845
826
846
847
827
848
828
849
829
850
830
851
831
852
832
853
833
854
834
855
835
856
836
857
837
858
838
859
839
860
840
861
841
862
842
863
843
864
844
865
845
866
846
867
847
868
848
869
849
870
850
871
851
872
852
873
853
874
854
855
875
856
876
857
877
858
878
859
879
860
880
861
881
862
882
863
883
864
884
865
885
866
886
867
887
868
888
869
889
870
890
871
891
872
892
893
894
873
895
896
874
897
875
898
876
899
877
900
878
901
879
902
880
903
881
904
905
906
907
882
908
883
909
884
910
885
911
886
912
887
913
888
914
889
915
890
916
891
917
892
918
893
919
894
920
895
921
896
922
897
923
898
924
899
925
900
926
901
927
902
928
903
929
904
930
905
931
906
932
933
934
935
936
907
937
908
938
909
939
910
911
940
912
941
913
942
914
943
915
944
916
945
917
946
918
947
919
920
948
921
949
922
950
923
951
924
952
925
953
926
954
927
928
929
930
955
931
956
932
957
933
958
934
959
935
960
936
961
937
962
938
963
939
964
940
965
941
966
942
967
943
968
944
969
945
970
946
971
947
972
948
973
949
974
950
975
951
976
952
977
953
978
954
979
955
980
956
981
957
982
958
983
959
984
960
985
961
986
987
988
962
963
989
964
990
965
991
966
967
992
968
993
969
970
971
972
994
973
974
975
976
977
978
979
995
980
996
997
981
998
982
999
983
984
985
986
987
988
989
990
991
992
993
994
995
996
997
998
999
